-55
-71
-74
-50
-64
-84
-85
-85
-85
-69
-83
-62
-84
-74
-76
-75
-70
-57
-72
-86
-55
-85
-76
-70
-80
-56
-65
-84
-60
-86
-57
-84
-79
-75
-85
-71
-85
-50
-52
-63
-86
-85
-82
-65
-86
-53
-78
-71
-67
-56
-85
-73
-84
-80
-50
-70
-50
-66
-83
-50
-79
-86
-61
-72
-86
-58
-86
-67
-60
-50
-66
-84
-86
-80
-50
-78
-71
-58
-68
-68
-55
-50
-77
-68
-79
-85
-85
-76
-84
-74
-66
-72
-77
-64
-80
-50
-79
-50
-65
-85
-81
-86
-85
-73
-66
-78
-51
-50
-85
-51
-86
-54
-51
-58
-52
-50
-80
-50
-50
-62
-75
-85
-72
-86
-84
-50
-84
-86
-61
-85
-50
-68
-71
-85
-83
-71
-70
-69
-65
-78
-68
-76
-86
-77
-73
-53
-85
-76
-78
-66
-58
-55
-83
-50
-65
-77
-70
-69
-62
-76
-58
-52
-57
-77
-73
-51
-67
-82
-78
-50
-72
-84
-70
-85
-80
-50
-86
-52
-50
-58
-73
-50
-85
-58
-68
-81
-50
-65
-56
-70
-58
-62
-75
-85
-86
-85
-82
-85
-71
-53
-57
-74
-50
-83
-77
-55
-56
-50
-50
-50
-59
-80
-50
-50
-85
-85
-59
-50
-72
-60
-67
-71
-50
-51
-50
-84
-75
-55
-70
-54
-65
-65
-69
-73
-67
-50
-50
-69
-78
-62
-62
-56
-52
-77
-80
-83
-82
-63
-60
-79
-59
-52
-86
-51
-67
-71
-60
-63
-85
-81
-57
-86
-50
-81
-69
-86
-74
-69
-76
-55
-76
-86
-52
-86
-62
-56
-86
-86
-83
-79
-50
-50
-67
-81
-69
-64
-57
-50
-50
-72
-62
-51
-50
-86
-57
-86
-76
-77
-50
-50
-85
-62
-66
-86
-50
-65
-57
-68
-75
-50
-51
-80
-85
-62
-86
-79
-69
-60
-86
-82
-65
-54
-51
-62
-62
-82
-82
-55
-62
-57
-54
-75
-50
-86
-64
-70
-50
-50
-71
-85
-52
-83
-86
-71
-50
-58
-82
-83
-86
-86
-70
-71
-63
-50
-85
-53
-83
-64
-79
-53
-55
-69
-81
-50
-73
-82
-86
-50
-50
-50
-53
-85
-82
-50
-68
-85
-68
-65
-65
-61
-86
-61
-63
-85
-51
-70
-77
-50
-71
-65
-55
-62
-69
-82
-67
-83
-86
-82
-62
-66
-79
-84
-86
-50
-73
-86
-55
-52
-74
-82
-70
-58
-84
-86
-63
-66
-76
-85
-50
-81
-50
-84
-50
-70
-82
-72
-79
-59
-56
-85
-71
-86
-79
-50
-50
-80
-62
-80
-61
-50
-64
-50
-50
-81
-86
-85
-80
-71
-63
-85
-56
-85
-86
-69
-78
-86
-82
-57
-50
-75
-78
-71
-71
-50
-85
-61
-76
-62
-77
-50
-61
-65
-86
-55
-55
-61
-77
-74
-62
-86
-85
-65
-69
-60
-66
-86
-63
-55
-81
-80
-68
-82
-73
-86
-58
-53
-50
-86
-86
-78
-70
-76
-71
-70
-62
-51
-86
-55
-75
-50
-53
-65
-81
-85
-86
-51
-57
-82
-85
-63
-71
-56
-50
-86
-61
-52
-86
-59
-78
-73
-50
-84
-74
-51
-72
-52
-85
-53
-82
-66
-66
-53
-56
-85
-74
-86
-50
-69
-85
-53
-86
-66
-86
-73
-86
-86
-85
-54
-54
-86
-54
-85
-65
-86
-50
-86
-80
-56
-83
-75
-86
-77
-80
-78
-73
-78
-50
-86
-52
-73
-54
-85
-50
-55
-50
-85
-66
-50
-76
-75
-82
-86
-86
-83
-56
-68
-63
-61
-51
-67
-54
-82
-50
-75
-79
-61
-50
-51
-79
-85
-85
-59
-50
-84
-61
-66
-51
-82
-54
-50
-64
-67
-69
-86
-70
-60
-84
-77
-52
-77
-66
-86
-81
-60
-61
-63
-62
-52
-65
-85
-50
-53
-75
-85
-67
-86
-72
-73
-53
-60
-81
-51
-63
-69
-75
-54
-50
-53
-56
-85
-51
-75
-79
-83
-85
-82
-59
-50
-69
-85
-53
-86
-57
-50
-57
-82
-59
-50
-56
-86
-50
-86
-74
-65
-53
-54
-73
-86
-52
-73
-50
-78
-78
-50
-61
-68
-79
-80
-68
-86
-74
-72
-69
-61
-86
-61
-53
-50
-82
-84
-50
-86
-59
-75
-77
-63
-52
-50
-59
-80
-54
-82
-85
-70
-52
-80
-50
-58
-51
-78
-85
-85
-53
-74
-54
-61
-85
-61
-86
-86
-77
-68
-50
-84
-81
-86
-65
-83
-62
-60
-77
-85
-50
-55
-51
-50
-69
-50
-56
-84
-60
-82
-85
-50
-59
-51
-85
-64
-77
-70
-57
-60
-85
-71
-85
-79
-69
-50
-60
-82
-50
-75
-69
-50
-59
-69
-76
-75
-86
-86
-86
-59
-80
-76
-82
-66
-50
-64
-86
-85
-75
-70
-78
-65
-71
-76
-65
-59
-72
-74
-50
-82
-51
-78
-74
-86
-74
-50
-55
-50
-58
-56
-65
-65
-50
-58
-75
-50
-73
-85
-67
-53
-66
-62
-83
-85
-74
-50
-71
-70
-56
-86
-50
-86
-71
-50
-82
-79
-65
-52
-74
-82
-72
-70
-85
-79
-58
-55
-54
-69
-61
-58
-50
-55
-78
-61
-64
-59
-77
-54
-85
-63
-86
-85
-52
-59
-76
-59
-58
-86
-51
-55
-63
-83
-54
-81
-56
-59
-73
-52
-86
-52
-50
-80
-72
-51
-74
-74
-51
-50
-50
-74
-86
-50
-62
-51
-67
-63
-86
-76
-66
-84
-50
-75
-85
-85
-52
-50
-69
-52
-61
-77
-80
-72
-76
-58
-52
-66
-59
-85
-58
-50
-86
-60
-85
-85
-78
-83
-50
-85
-51
-85
-50
-86
-50
-50
-55
-57
-78
-83
-64
-71
-50
-58
-85
-81
-58
-61
-50
-69
-60
-67
-72
-51
-82
-50
-50
-80
-72
-65
-70
-62
-67
-82
-80
-55
-60
-51
-61
-50
-54
-84
-50
-65
-63
-60
-81
-54
-50
-54
-70
-50
-56
-75
-66
-61
-55
-67
-58
-70
